id;code;name;sort_no;description
1;吸 collectivisation;as;13126;绿 almanac woot
2;beyond;woot employer;8805;红
3;via alongside;掷 扔;4451;揽 certainty 一定
4;光 onto zoologist;捉 特地;24056;启动 incidentally
5;bah like;yoga astride 净;5794;clogs
6;yippee 伟大 没;elevation 共 eek;15855;必然 何尝 绿油油
7;快;mouse;9534;ethyl console
8;while;that;21737;brushing now that
9;finally nest;revascularization so;5323;geez 转动 ugh
10;likewise;热 好些 supposing;14553;deduction darkness 好些
